


--Debug-1- 4 0 2

--Debug-1- 400 800 0 399

--Debug-1- 266 800 532 797

--Debug-2- 0.000000 0.500000 0.000000 1.000000 0.500000

--Debug-2- 0.666667 1.000000 0.000000 1.000000 0.333333
--Writing x grid points--
4 0 0 0.000000
4 1 1 0.001252
4 2 2 0.002503
4 3 3 0.003755
4 4 4 0.005006
4 5 5 0.006258
4 6 6 0.007509
4 7 7 0.008761
4 8 8 0.010013
4 9 9 0.011264
4 10 10 0.012516
4 11 11 0.013767
4 12 12 0.015019
4 13 13 0.016270
4 14 14 0.017522
4 15 15 0.018773
4 16 16 0.020025
4 17 17 0.021277
4 18 18 0.022528
4 19 19 0.023780
4 20 20 0.025031
4 21 21 0.026283
4 22 22 0.027534
4 23 23 0.028786
4 24 24 0.030038
4 25 25 0.031289
4 26 26 0.032541
4 27 27 0.033792
4 28 28 0.035044
4 29 29 0.036295
4 30 30 0.037547
4 31 31 0.038798
4 32 32 0.040050
4 33 33 0.041302
4 34 34 0.042553
4 35 35 0.043805
4 36 36 0.045056
4 37 37 0.046308
4 38 38 0.047559
4 39 39 0.048811
4 40 40 0.050063
4 41 41 0.051314
4 42 42 0.052566
4 43 43 0.053817
4 44 44 0.055069
4 45 45 0.056320
4 46 46 0.057572
4 47 47 0.058824
4 48 48 0.060075
4 49 49 0.061327
4 50 50 0.062578
4 51 51 0.063830
4 52 52 0.065081
4 53 53 0.066333
4 54 54 0.067584
4 55 55 0.068836
4 56 56 0.070088
4 57 57 0.071339
4 58 58 0.072591
4 59 59 0.073842
4 60 60 0.075094
4 61 61 0.076345
4 62 62 0.077597
4 63 63 0.078849
4 64 64 0.080100
4 65 65 0.081352
4 66 66 0.082603
4 67 67 0.083855
4 68 68 0.085106
4 69 69 0.086358
4 70 70 0.087610
4 71 71 0.088861
4 72 72 0.090113
4 73 73 0.091364
4 74 74 0.092616
4 75 75 0.093867
4 76 76 0.095119
4 77 77 0.096370
4 78 78 0.097622
4 79 79 0.098874
4 80 80 0.100125
4 81 81 0.101377
4 82 82 0.102628
4 83 83 0.103880
4 84 84 0.105131
4 85 85 0.106383
4 86 86 0.107635
4 87 87 0.108886
4 88 88 0.110138
4 89 89 0.111389
4 90 90 0.112641
4 91 91 0.113892
4 92 92 0.115144
4 93 93 0.116395
4 94 94 0.117647
4 95 95 0.118899
4 96 96 0.120150
4 97 97 0.121402
4 98 98 0.122653
4 99 99 0.123905
4 100 100 0.125156
4 101 101 0.126408
4 102 102 0.127660
4 103 103 0.128911
4 104 104 0.130163
4 105 105 0.131414
4 106 106 0.132666
4 107 107 0.133917
4 108 108 0.135169
4 109 109 0.136421
4 110 110 0.137672
4 111 111 0.138924
4 112 112 0.140175
4 113 113 0.141427
4 114 114 0.142678
4 115 115 0.143930
4 116 116 0.145181
4 117 117 0.146433
4 118 118 0.147685
4 119 119 0.148936
4 120 120 0.150188
4 121 121 0.151439
4 122 122 0.152691
4 123 123 0.153942
4 124 124 0.155194
4 125 125 0.156446
4 126 126 0.157697
4 127 127 0.158949
4 128 128 0.160200
4 129 129 0.161452
4 130 130 0.162703
4 131 131 0.163955
4 132 132 0.165207
4 133 133 0.166458
4 134 134 0.167710
4 135 135 0.168961
4 136 136 0.170213
4 137 137 0.171464
4 138 138 0.172716
4 139 139 0.173967
4 140 140 0.175219
4 141 141 0.176471
4 142 142 0.177722
4 143 143 0.178974
4 144 144 0.180225
4 145 145 0.181477
4 146 146 0.182728
4 147 147 0.183980
4 148 148 0.185232
4 149 149 0.186483
4 150 150 0.187735
4 151 151 0.188986
4 152 152 0.190238
4 153 153 0.191489
4 154 154 0.192741
4 155 155 0.193992
4 156 156 0.195244
4 157 157 0.196496
4 158 158 0.197747
4 159 159 0.198999
4 160 160 0.200250
4 161 161 0.201502
4 162 162 0.202753
4 163 163 0.204005
4 164 164 0.205257
4 165 165 0.206508
4 166 166 0.207760
4 167 167 0.209011
4 168 168 0.210263
4 169 169 0.211514
4 170 170 0.212766
4 171 171 0.214018
4 172 172 0.215269
4 173 173 0.216521
4 174 174 0.217772
4 175 175 0.219024
4 176 176 0.220275
4 177 177 0.221527
4 178 178 0.222778
4 179 179 0.224030
4 180 180 0.225282
4 181 181 0.226533
4 182 182 0.227785
4 183 183 0.229036
4 184 184 0.230288
4 185 185 0.231539
4 186 186 0.232791
4 187 187 0.234043
4 188 188 0.235294
4 189 189 0.236546
4 190 190 0.237797
4 191 191 0.239049
4 192 192 0.240300
4 193 193 0.241552
4 194 194 0.242804
4 195 195 0.244055
4 196 196 0.245307
4 197 197 0.246558
4 198 198 0.247810
4 199 199 0.249061
4 200 200 0.250313
4 201 201 0.251564
4 202 202 0.252816
4 203 203 0.254068
4 204 204 0.255319
4 205 205 0.256571
4 206 206 0.257822
4 207 207 0.259074
4 208 208 0.260325
4 209 209 0.261577
4 210 210 0.262829
4 211 211 0.264080
4 212 212 0.265332
4 213 213 0.266583
4 214 214 0.267835
4 215 215 0.269086
4 216 216 0.270338
4 217 217 0.271589
4 218 218 0.272841
4 219 219 0.274093
4 220 220 0.275344
4 221 221 0.276596
4 222 222 0.277847
4 223 223 0.279099
4 224 224 0.280350
4 225 225 0.281602
4 226 226 0.282854
4 227 227 0.284105
4 228 228 0.285357
4 229 229 0.286608
4 230 230 0.287860
4 231 231 0.289111
4 232 232 0.290363
4 233 233 0.291615
4 234 234 0.292866
4 235 235 0.294118
4 236 236 0.295369
4 237 237 0.296621
4 238 238 0.297872
4 239 239 0.299124
4 240 240 0.300375
4 241 241 0.301627
4 242 242 0.302879
4 243 243 0.304130
4 244 244 0.305382
4 245 245 0.306633
4 246 246 0.307885
4 247 247 0.309136
4 248 248 0.310388
4 249 249 0.311640
4 250 250 0.312891
4 251 251 0.314143
4 252 252 0.315394
4 253 253 0.316646
4 254 254 0.317897
4 255 255 0.319149
4 256 256 0.320401
4 257 257 0.321652
4 258 258 0.322904
4 259 259 0.324155
4 260 260 0.325407
4 261 261 0.326658
4 262 262 0.327910
4 263 263 0.329161
4 264 264 0.330413
4 265 265 0.331665
4 266 266 0.332916
4 267 267 0.334168
4 268 268 0.335419
4 269 269 0.336671
4 270 270 0.337922
4 271 271 0.339174
4 272 272 0.340426
4 273 273 0.341677
4 274 274 0.342929
4 275 275 0.344180
4 276 276 0.345432
4 277 277 0.346683
4 278 278 0.347935
4 279 279 0.349186
4 280 280 0.350438
4 281 281 0.351690
4 282 282 0.352941
4 283 283 0.354193
4 284 284 0.355444
4 285 285 0.356696
4 286 286 0.357947
4 287 287 0.359199
4 288 288 0.360451
4 289 289 0.361702
4 290 290 0.362954
4 291 291 0.364205
4 292 292 0.365457
4 293 293 0.366708
4 294 294 0.367960
4 295 295 0.369212
4 296 296 0.370463
4 297 297 0.371715
4 298 298 0.372966
4 299 299 0.374218
4 300 300 0.375469
4 301 301 0.376721
4 302 302 0.377972
4 303 303 0.379224
4 304 304 0.380476
4 305 305 0.381727
4 306 306 0.382979
4 307 307 0.384230
4 308 308 0.385482
4 309 309 0.386733
4 310 310 0.387985
4 311 311 0.389237
4 312 312 0.390488
4 313 313 0.391740
4 314 314 0.392991
4 315 315 0.394243
4 316 316 0.395494
4 317 317 0.396746
4 318 318 0.397997
4 319 319 0.399249
4 320 320 0.400501
4 321 321 0.401752
4 322 322 0.403004
4 323 323 0.404255
4 324 324 0.405507
4 325 325 0.406758
4 326 326 0.408010
4 327 327 0.409262
4 328 328 0.410513
4 329 329 0.411765
4 330 330 0.413016
4 331 331 0.414268
4 332 332 0.415519
4 333 333 0.416771
4 334 334 0.418023
4 335 335 0.419274
4 336 336 0.420526
4 337 337 0.421777
4 338 338 0.423029
4 339 339 0.424280
4 340 340 0.425532
4 341 341 0.426783
4 342 342 0.428035
4 343 343 0.429287
4 344 344 0.430538
4 345 345 0.431790
4 346 346 0.433041
4 347 347 0.434293
4 348 348 0.435544
4 349 349 0.436796
4 350 350 0.438048
4 351 351 0.439299
4 352 352 0.440551
4 353 353 0.441802
4 354 354 0.443054
4 355 355 0.444305
4 356 356 0.445557
4 357 357 0.446809
4 358 358 0.448060
4 359 359 0.449312
4 360 360 0.450563
4 361 361 0.451815
4 362 362 0.453066
4 363 363 0.454318
4 364 364 0.455569
4 365 365 0.456821
4 366 366 0.458073
4 367 367 0.459324
4 368 368 0.460576
4 369 369 0.461827
4 370 370 0.463079
4 371 371 0.464330
4 372 372 0.465582
4 373 373 0.466834
4 374 374 0.468085
4 375 375 0.469337
4 376 376 0.470588
4 377 377 0.471840
4 378 378 0.473091
4 379 379 0.474343
4 380 380 0.475594
4 381 381 0.476846
4 382 382 0.478098
4 383 383 0.479349
4 384 384 0.480601
4 385 385 0.481852
4 386 386 0.483104
4 387 387 0.484355
4 388 388 0.485607
4 389 389 0.486859
4 390 390 0.488110
4 391 391 0.489362
4 392 392 0.490613
4 393 393 0.491865
4 394 394 0.493116
4 395 395 0.494368
4 396 396 0.495620
4 397 397 0.496871
4 398 398 0.498123
4 399 399 0.499374
--Done writing x grid points--
--Writing y grid points--
4 0 532 0.665832
4 1 533 0.667084
4 2 534 0.668335
4 3 535 0.669587
4 4 536 0.670839
4 5 537 0.672090
4 6 538 0.673342
4 7 539 0.674593
4 8 540 0.675845
4 9 541 0.677096
4 10 542 0.678348
4 11 543 0.679599
4 12 544 0.680851
4 13 545 0.682103
4 14 546 0.683354
4 15 547 0.684606
4 16 548 0.685857
4 17 549 0.687109
4 18 550 0.688360
4 19 551 0.689612
4 20 552 0.690864
4 21 553 0.692115
4 22 554 0.693367
4 23 555 0.694618
4 24 556 0.695870
4 25 557 0.697121
4 26 558 0.698373
4 27 559 0.699625
4 28 560 0.700876
4 29 561 0.702128
4 30 562 0.703379
4 31 563 0.704631
4 32 564 0.705882
4 33 565 0.707134
4 34 566 0.708385
4 35 567 0.709637
4 36 568 0.710889
4 37 569 0.712140
4 38 570 0.713392
4 39 571 0.714643
4 40 572 0.715895
4 41 573 0.717146
4 42 574 0.718398
4 43 575 0.719650
4 44 576 0.720901
4 45 577 0.722153
4 46 578 0.723404
4 47 579 0.724656
4 48 580 0.725907
4 49 581 0.727159
4 50 582 0.728411
4 51 583 0.729662
4 52 584 0.730914
4 53 585 0.732165
4 54 586 0.733417
4 55 587 0.734668
4 56 588 0.735920
4 57 589 0.737171
4 58 590 0.738423
4 59 591 0.739675
4 60 592 0.740926
4 61 593 0.742178
4 62 594 0.743429
4 63 595 0.744681
4 64 596 0.745932
4 65 597 0.747184
4 66 598 0.748436
4 67 599 0.749687
4 68 600 0.750939
4 69 601 0.752190
4 70 602 0.753442
4 71 603 0.754693
4 72 604 0.755945
4 73 605 0.757196
4 74 606 0.758448
4 75 607 0.759700
4 76 608 0.760951
4 77 609 0.762203
4 78 610 0.763454
4 79 611 0.764706
4 80 612 0.765957
4 81 613 0.767209
4 82 614 0.768461
4 83 615 0.769712
4 84 616 0.770964
4 85 617 0.772215
4 86 618 0.773467
4 87 619 0.774718
4 88 620 0.775970
4 89 621 0.777222
4 90 622 0.778473
4 91 623 0.779725
4 92 624 0.780976
4 93 625 0.782228
4 94 626 0.783479
4 95 627 0.784731
4 96 628 0.785982
4 97 629 0.787234
4 98 630 0.788486
4 99 631 0.789737
4 100 632 0.790989
4 101 633 0.792240
4 102 634 0.793492
4 103 635 0.794743
4 104 636 0.795995
4 105 637 0.797247
4 106 638 0.798498
4 107 639 0.799750
4 108 640 0.801001
4 109 641 0.802253
4 110 642 0.803504
4 111 643 0.804756
4 112 644 0.806008
4 113 645 0.807259
4 114 646 0.808511
4 115 647 0.809762
4 116 648 0.811014
4 117 649 0.812265
4 118 650 0.813517
4 119 651 0.814768
4 120 652 0.816020
4 121 653 0.817272
4 122 654 0.818523
4 123 655 0.819775
4 124 656 0.821026
4 125 657 0.822278
4 126 658 0.823529
4 127 659 0.824781
4 128 660 0.826033
4 129 661 0.827284
4 130 662 0.828536
4 131 663 0.829787
4 132 664 0.831039
4 133 665 0.832290
4 134 666 0.833542
4 135 667 0.834793
4 136 668 0.836045
4 137 669 0.837297
4 138 670 0.838548
4 139 671 0.839800
4 140 672 0.841051
4 141 673 0.842303
4 142 674 0.843554
4 143 675 0.844806
4 144 676 0.846058
4 145 677 0.847309
4 146 678 0.848561
4 147 679 0.849812
4 148 680 0.851064
4 149 681 0.852315
4 150 682 0.853567
4 151 683 0.854819
4 152 684 0.856070
4 153 685 0.857322
4 154 686 0.858573
4 155 687 0.859825
4 156 688 0.861076
4 157 689 0.862328
4 158 690 0.863579
4 159 691 0.864831
4 160 692 0.866083
4 161 693 0.867334
4 162 694 0.868586
4 163 695 0.869837
4 164 696 0.871089
4 165 697 0.872340
4 166 698 0.873592
4 167 699 0.874844
4 168 700 0.876095
4 169 701 0.877347
4 170 702 0.878598
4 171 703 0.879850
4 172 704 0.881101
4 173 705 0.882353
4 174 706 0.883605
4 175 707 0.884856
4 176 708 0.886108
4 177 709 0.887359
4 178 710 0.888611
4 179 711 0.889862
4 180 712 0.891114
4 181 713 0.892365
4 182 714 0.893617
4 183 715 0.894869
4 184 716 0.896120
4 185 717 0.897372
4 186 718 0.898623
4 187 719 0.899875
4 188 720 0.901126
4 189 721 0.902378
4 190 722 0.903630
4 191 723 0.904881
4 192 724 0.906133
4 193 725 0.907384
4 194 726 0.908636
4 195 727 0.909887
4 196 728 0.911139
4 197 729 0.912390
4 198 730 0.913642
4 199 731 0.914894
4 200 732 0.916145
4 201 733 0.917397
4 202 734 0.918648
4 203 735 0.919900
4 204 736 0.921151
4 205 737 0.922403
4 206 738 0.923655
4 207 739 0.924906
4 208 740 0.926158
4 209 741 0.927409
4 210 742 0.928661
4 211 743 0.929912
4 212 744 0.931164
4 213 745 0.932416
4 214 746 0.933667
4 215 747 0.934919
4 216 748 0.936170
4 217 749 0.937422
4 218 750 0.938673
4 219 751 0.939925
4 220 752 0.941176
4 221 753 0.942428
4 222 754 0.943680
4 223 755 0.944931
4 224 756 0.946183
4 225 757 0.947434
4 226 758 0.948686
4 227 759 0.949937
4 228 760 0.951189
4 229 761 0.952441
4 230 762 0.953692
4 231 763 0.954944
4 232 764 0.956195
4 233 765 0.957447
4 234 766 0.958698
4 235 767 0.959950
4 236 768 0.961202
4 237 769 0.962453
4 238 770 0.963705
4 239 771 0.964956
4 240 772 0.966208
4 241 773 0.967459
4 242 774 0.968711
4 243 775 0.969962
4 244 776 0.971214
4 245 777 0.972466
4 246 778 0.973717
4 247 779 0.974969
4 248 780 0.976220
4 249 781 0.977472
4 250 782 0.978723
4 251 783 0.979975
4 252 784 0.981227
4 253 785 0.982478
4 254 786 0.983730
4 255 787 0.984981
4 256 788 0.986233
4 257 789 0.987484
4 258 790 0.988736
4 259 791 0.989987
4 260 792 0.991239
4 261 793 0.992491
4 262 794 0.993742
4 263 795 0.994994
4 264 796 0.996245
4 265 797 0.997497
--Done writing y grid points--
